8 18 12
9.049075 -33.275627 112.3134
103.743515 34.66999 42.880398
8.126905 117.0 -6.9575396
-86.567535 49.054375 62.475464
-8.126905 -117.0 6.9575396
86.567535 -49.054375 -62.475464
-9.049075 33.275627 -112.3134
-103.743515 -34.66999 -42.880398
3 1
2 1
6 1
2 6
2 7
3 2
3 7
3 8
4 3
4 8
5 1
4 5
1 4
6 5
7 6
5 8
7 5
8 7
15 14 17 0 0 255
7 18 8 0 255 0
18 17 16 0 0 255
4 15 5 0 255 0
6 5 7 0 255 0
9 8 10 0 255 0
10 16 12 0 0 0
14 3 11 0 0 0
4 2 3 0 0 0
6 1 2 0 0 0
9 13 1 0 0 0
13 12 11 0 0 0
